0.21963
0.164889
0.245886
0.0036295
1.08705
2.30913
0.308717
11.6207
3.00687
1.81324
3.68098
0.171162
2.60013
0.468479
0.266712
0.766843
0.650102
3.41772
1.3732
0.864712
1.98411
0.281543
0.432547
3.62267
3.10325
1.10134
1.28553
1.94146
1.85532
1.24488
0.139327
0.95843
0.675546
1.71771
0.360729
0.720341
1.09297
1.51414
0.943169
3.3832
2.13386
1.43094
3.01309
4.00788
3.40269
1.18288
1.31506
2.37488
0.0196714
4.39477
1.45079
1.53296
0.959299
1.44571
0.617113
1.71515
1.78435
2.49586
0.264177
0.430234
0.500867
2.32129
3.94765
0.95067
1.06973
0.569342
0.25118
2.65041
0.765905
0.72201
1.1859
2.14347
0.69754
0.606647
1.37631
0.270342
2.25405
0.109658
2.08963
0.730426
0.624779
3.38064
1.47927
0.484957
3.41363
3.20946
0.1973
3.38761
0.534067
0.318291
0.755235
1.80629
2.12021
0.521014
1.07329
1.40501
2.85331
1.38456
6.41412
0.0344934
0.561997
2.18213
2.13229
0.76118
2.42167
0.266065
0.961583
4.02781
1.05379
3.85034
0.358684
0.458457
5.27124
3.85348
1.50864
2.31681
0.772996
3.85232
0.368675
0.506216
1.31424
0.839702
1.74096
0.0705378
2.30165
1.17906
2.77441
2.96508
0.619606
0.0415072
1.1449
0.58849
1.2289
5.08113
3.50628
1.39836
1.36887
2.73574
1.19016
1.51335
0.172238
1.07451
1.50564
1.79779
5.93138
0.491485
1.10124
0.155026
2.11742
0.0994711
4.27198
0.468025
0.950838
3.98099
3.85592
2.86398
2.98918
0.962195
1.94289
5.21791
2.35783
0.816834
0.38918
2.85035
4.8453
1.91217
0.849644
2.11577
0.482175
0.403081
1.59513
0.272195
3.33585
1.88419
13.0769
0.739173
1.05501
1.32318
0.0317853
1.55702
7.02396
2.64367
0.675433
1.77742
3.74419
4.96724
2.96625
0.157769
0.66446
0.538138
0.45946
1.70694
4.54277
1.67601
5.13193
0.781185
1.37871
0.0103916
0.732359
2.6756
1.13024
2.49101
0.295836
0.547784
0.731135
0.284471
1.58001
0.241796
3.74663
2.08883
0.439996
1.01325
1.18021
0.0755116
0.0520388
4.75157
1.05073
0.341815
2.20821
0.110376
3.97205
3.59099
1.7473
0.573932
0.335938
6.45326
1.16332
3.33884
1.00706
1.27873
1.5177
0.885267
1.59002
0.255515
1.92505
8.37163
0.305638
4.68857
1.20102
2.72803
0.62895
2.61991
1.06737
2.50925
1.09137
1.5755
3.52143
7.52655
0.930706
