73.9473
1.82684
7.12985
5.36317
0.193284
1.46391
3.97033
1.6435
1.06624
1.94139
3.37029
0.31292
1.91495
5.32669
2.18314
6.81192
6.78879
4.45179
5.0839
3.14512
2.28266
0.596791
1.62947
0.638231
2.82505
11.7323
0.217706
1.13845
3.76691
3.10751
0.82148
1.60011
0.589626
3.63731
1.20179
2.46505
0.640832
0.998004
0.356182
0.763679
3.53985
0.236685
2.14189
0.411443
0.839124
2.19165
7.47551
3.11969
5.01444
11.4039
3.43008
3.89897
1.99489
1.31539
0.965713
1.4814
3.17703
8.61154
1.12895
1.63088
0.22493
7.29113
5.36764
2.43535
1.91659
6.71798
1.66801
3.22131
3.24817
10.0029
3.53027
5.77566
1.94922
1.05729
0.292565
2.50434
1.79566
2.54166
1.05709
1.17062
4.29377
5.07038
0.989779
2.00508
1.36852
4.16813
0.0342367
3.26847
0.363469
0.737695
3.06318
1.45594
1.71731
4.65225
1.66306
1.08347
7.33794
3.5571
2.09041
2.4488
2.38089
4.7373
0.744726
1.92308
1.14876
2.66017
1.65131
2.04813
0.538336
1.51274
2.82502
3.47506
2.85885
2.36539
1.16531
1.0408
0.687633
2.7965
2.1113
3.35416
5.26429
6.59977
1.32944
3.04436
4.71388
2.95245
0.0631064
2.8767
1.03906
4.50983
1.40809
0.0607403
4.73428
0.804593
1.22968
5.18116
5.83155
3.87776
6.07145
2.41111
3.56432
3.97131
1.53417
0.365985
4.2238
0.612
0.356596
2.0771
3.24156
0.3039
5.19126
1.34046
7.52878
0.879234
1.98869
1.46355
1.81426
1.16963
3.05293
1.63723
2.94543
3.75712
2.799
0.384409
4.3852
2.04985
2.19883
4.87354
7.59066
1.70771
0.656602
1.79632
3.90164
1.25631
5.1976
1.69734
2.55939
1.96811
5.77973
2.2749
0.753794
3.8881
1.34051
0.829235
2.11621
3.61367
0.350907
1.93502
1.16252
6.33507
0.286758
10.9232
3.77479
0.888908
1.27672
0.911491
2.05277
1.67109
4.98651
2.34566
2.75893
1.79966
7.21679
8.97973
0.173915
1.11482
2.47097
2.23173
1.0729
0.529892
8.90781
2.26628
0.826116
3.24256
4.38574
1.67094
5.47462
1.38909
2.14428
6.08248
1.76089
6.04949
4.62314
2.16693
1.38658
4.88988
1.58912
4.75688
3.43432
0.504914
0.0617473
0.491408
0.339541
7.69035
6.30981
0.543399
2.18285
0.267222
1.71677
0.731973
2.86716
8.13357
0.315083
6.53898
3.61231
2.35559
5.92602
1.64442
2.38343
